% time     seconds  usecs/call     calls    errors syscall
------ ----------- ----------- --------- --------- ------------------
 17.52    0.000316          17        18           read
 11.09    0.000200          22         9           rt_sigaction
 10.70    0.000193          32         6           statx
  9.92    0.000179          14        12         1 openat
  9.31    0.000168         168         1           prctl
  8.81    0.000159          14        11           close
  5.04    0.000091          15         6           ioctl
  4.60    0.000083          41         2           getdents64
  3.05    0.000055          18         3           sigaltstack
  2.72    0.000049           9         5           brk
  2.49    0.000045          15         3           fcntl
  2.44    0.000044           1        27           mmap
  2.05    0.000037           3        10           fstat
  2.00    0.000036          36         1           sched_getaffinity
  1.66    0.000030           3         8           mprotect
  1.44    0.000026          26         1           write
  1.33    0.000024          12         2           munmap
  1.27    0.000023          23         1           newfstatat
  0.94    0.000017          17         1           gettid
  0.78    0.000014          14         1           poll
  0.61    0.000011           5         2         2 access
  0.22    0.000004           2         2           prlimit64
  0.00    0.000000           0         2           lseek
  0.00    0.000000           0         2           pread64
  0.00    0.000000           0         1           execve
  0.00    0.000000           0         2         1 statfs
  0.00    0.000000           0         1           arch_prctl
  0.00    0.000000           0         1           set_tid_address
  0.00    0.000000           0         1           set_robust_list
  0.00    0.000000           0         1           getrandom
  0.00    0.000000           0         1           rseq
------ ----------- ----------- --------- --------- ------------------
100.00    0.001804          12       144         4 total
